17,0
211,0
15,0
16,0
14,0
13,0
12,0
63,0
62,0
232,0
9,0
10,0
8,0
205,0
204,0
201,0
200,0
199,0
196,0
197,0
195,0
198,0
202,0
194,0
206,0
192,0
203,0
191,0
193,0
190,0
19,0
393,0
18,0
148,0
126,0
125,0
296,0
297,0
295,0
294,0
293,0
292,0
291,0
64,0
129,0
30,0
290,0
289,0
155,0
154,0
418,0
417,0
416,0
147,0
146,0
145,0
288,0
287,0
286,0
179,0
173,0
170,0
177,0
180,0
176,0
172,0
169,0
171,0
168,0
175,0
174,0
178,0
167,0
160,0
144,0
159,0
392,0
391,0
482,0
481,0
488,0
487,0
486,0
484,0
485,0
483,0
283,0
284,0
280,0
282,0
285,0
281,0
279,0
217,0
221,0
215,0
214,0
219,0
216,0
213,0
212,0
218,0
249,0
245,0
244,0
250,0
248,0
247,0
246,0
243,0
442,0
441,0
440,0
439,0
438,0
437,0
436,0
435,0
434,0
433,0
432,0
1,41
3,40
2,40
1,40
3,39
2,39
1,39
3,38
2,38
1,38
3,35
2,35
1,35
3,34
2,34
3,33
1,31
3,30
2,30
1,30
1,28
2,27
1,27
1,26
3,25
1,25
2,23
1,16
3,15
2,15
3,14
2,14
2,13
26,0
22,0
251,0
162,0
24,0
224,0
225,0
301,0
299,0
419,0
20,0
406,0
407,0
398,0
401,0
402,0
399,0
404,0
405,0
410,0
397,0
29,0
166,0
102,0
150,0
149,0
152,0
153,0
302,0
305,0
304,0
303,0
307,0
140,0
138,0
27,0
310,0
311,0
319,0
312,0
313,0
314,0
315,0
321,0
323,0
322,0
325,0
107,0
109,0
113,0
115,0
108,0
128,0
106,0
110,0
163,0
164,0
422,0
420,0
423,0
424,0
122,0
121,0
123,0
230,0
231,0
228,0
328,0
329,0
236,0
331,0
334,0
338,0
336,0
333,0
337,0
183,0
33,0
32,0
346,0
348,0
341,0
344,0
347,0
489,0
394,0
412,0
43,0
39,0
37,0
413,0
415,0
137,0
35,0
44,0
188,0
189,0
36,0
92,0
93,0
96,0
95,0
97,0
100,0
101,0
427,0
253,0
46,0
220,0
207,0
237,0
209,0
349,0
233,0
234,0
131,0
132,0
134,0
135,0
60,0
259,0
261,0
262,0
264,0
266,0
269,0
271,0
276,0
277,0
82,0
86,0
85,0
254,0
255,0
256,0
257,0
265,0
83,0
270,0
273,0
274,0
89,0
81,0
88,0
84,0
79,0
356,0
351,0
357,0
490,0
358,0
352,0
491,0
493,0
158,0
241,0
240,0
238,0
141,0
142,0
428,0
360,0
61,0
66,0
67,0
69,0
72,0
71,0
53,0
361,0
371,0
362,0
363,0
365,0
364,0
369,0
367,0
222,0
47,0
54,0
57,0
59,0
55,0
377,0
376,0
118,0
117,0
119,0
185,0
186,0
503,0
445,0
450,0
443,0
448,0
447,0
452,0
453,0
454,0
458,0
461,0
459,0
464,0
457,0
456,0
465,0
468,0
472,0
471,0
470,0
473,0
474,0
476,0
479,0
11,0
378,0
181,0
21,0
75,0
50,0
51,0
49,0
127,0
384,0
381,0
380,0
382,0
386,0
388,0
389,0
501,0
494,0
495,0
497,0
498,0
499,0
0,2
0,9
4,1
4,2
5,0
5,2
5,3
6,1
6,2
6,4
6,5
7,0
7,2
7,3
247,3
248,3
244,3
245,3
218,3
212,3
216,3
219,3
215,3
221,3
279,3
285,3
282,3
280,3
284,3
483,3
484,3
487,3
481,3
482,3
391,3
392,3
159,3
144,3
167,3
174,3
168,3
169,3
172,3
180,3
170,3
173,3
179,3
286,3
288,3
145,3
147,3
418,3
154,3
289,3
290,3
30,3
64,3
291,3
292,3
294,3
295,3
296,3
125,3
126,3
18,3
19,3
193,3
191,3
192,3
194,3
198,3
197,3
196,3
199,3
201,3
204,3
8,3
9,3
63,3
14,3
15,3
211,3
26,3
251,3
162,3
224,3
225,3
298,3
301,3
300,3
419,3
395,3
409,3
398,3
401,3
402,3
399,3
408,3
405,3
410,3
411,3
29,3
166,3
103,3
102,3
104,3
149,3
152,3
153,3
223,3
302,3
306,3
309,3
303,3
307,3
308,3
138,3
139,3
27,3
310,3
311,3
319,3
320,3
314,3
317,3
315,3
323,3
324,3
325,3
326,3
109,3
114,3
115,3
112,3
105,3
106,3
110,3
163,3
164,3
422,3
421,3
423,3
425,3
122,3
124,3
121,3
229,3
230,3
231,3
228,3
328,3
329,3
330,3
331,3
334,3
338,3
336,3
333,3
337,3
183,3
31,3
33,3
348,3
345,3
344,3
489,3
34,3
412,3
42,3
38,3
413,3
414,3
137,3
35,3
44,3
188,3
189,3
36,3
92,3
93,3
94,3
99,3
95,3
98,3
101,3
426,3
45,3
253,3
41,3
207,3
208,3
209,3
210,3
480,3
234,3
131,3
133,3
429,3
135,3
161,3
261,3
260,3
262,3
263,3
266,3
269,3
271,3
276,3
77,3
87,3
86,3
78,3
255,3
256,3
257,3
265,3
267,3
272,3
273,3
80,3
89,3
81,3
88,3
278,3
79,3
356,3
354,3
357,3
490,3
358,3
352,3
491,3
156,3
241,3
239,3
238,3
242,3
142,3
428,3
360,3
61,3
65,3
67,3
68,3
70,3
71,3
52,3
53,3
361,3
370,3
372,3
362,3
363,3
365,3
364,3
369,3
367,3
366,3
222,3
54,3
57,3
59,3
58,3
55,3
374,3
377,3
375,3
118,3
116,3
120,3
185,3
184,3
445,3
451,3
443,3
446,3
448,3
447,3
452,3
453,3
455,3
458,3
461,3
459,3
460,3
457,3
462,3
456,3
465,3
468,3
472,3
471,3
470,3
473,3
474,3
476,3
479,3
11,3
378,3
21,3
75,3
73,3
51,3
182,3
379,3
385,3
381,3
383,3
382,3
390,3
389,3
387,3
501,3
494,3
496,3
497,3
500,3
499,3
437,3
436,3
435,3
434,3
433,3
432,3
442,3
441,3
440,3
439,3
438,3
252,3
498,3
495,3
502,3
388,3
386,3
380,3
384,3
127,3
74,3
181,3
478,3
477,3
475,3
469,3
467,3
466,3
464,3
463,3
454,3
449,3
444,3
450,3
186,3
119,3
117,3
376,3
56,3
431,3
368,3
373,3
371,3
72,3
69,3
66,3
359,3
143,3
141,3
240,3
158,3
493,3
492,3
353,3
355,3
351,3
350,3
84,3
90,3
274,3
270,3
83,3
258,3
76,3
254,3
85,3
82,3
277,3
275,3
268,3
264,3
259,3
60,3
134,3
132,3
235,3
233,3
349,3
237,3
220,3
46,3
427,3
100,3
97,3
96,3
91,3
187,3
40,3
136,3
415,3
37,3
39,3
43,3
394,3
347,3
341,3
346,3
32,3
157,3
339,3
335,3
332,3
236,3
327,3
227,3
123,3
424,3
420,3
165,3
130,3
128,3
108,3
113,3
111,3
107,3
322,3
321,3
318,3
313,3
312,3
316,3
28,3
140,3
304,3
305,3
151,3
150,3
397,3
396,3
404,3
403,3
400,3
407,3
406,3
20,3
299,3
226,3
25,3
23,3
17,3
16,3
13,3
232,3
10,3
205,3
200,3
195,3
202,3
206,3
203,3
190,3
393,3
148,3
297,3
293,3
155,3
146,3
287,3
177,3
176,3
171,3
175,3
178,3
160,3
488,3
486,3
485,3
283,3
281,3
217,3
214,3
213,3
249,3
250,3
246,3
243,3
7,1
6,6
6,3
6,0
5,1
4,3
4,0
252,0
500,0
496,0
502,0
387,0
390,0
383,0
385,0
379,0
182,0
73,0
74,0
48,0
478,0
477,0
475,0
469,0
467,0
466,0
462,0
460,0
463,0
455,0
449,0
444,0
446,0
451,0
184,0
120,0
116,0
375,0
374,0
58,0
56,0
431,0
366,0
368,0
373,0
372,0
370,0
52,0
70,0
68,0
65,0
359,0
143,0
242,0
239,0
156,0
492,0
353,0
355,0
354,0
350,0
278,0
90,0
80,0
272,0
267,0
258,0
76,0
78,0
87,0
77,0
275,0
268,0
263,0
260,0
161,0
429,0
133,0
235,0
480,0
210,0
208,0
41,0
45,0
426,0
98,0
99,0
94,0
91,0
187,0
40,0
136,0
414,0
38,0
42,0
34,0
343,0
342,0
345,0
340,0
31,0
157,0
339,0
335,0
332,0
330,0
327,0
227,0
229,0
124,0
425,0
421,0
165,0
130,0
105,0
112,0
114,0
111,0
326,0
324,0
318,0
317,0
320,0
316,0
28,0
139,0
308,0
309,0
306,0
223,0
151,0
104,0
103,0
411,0
396,0
408,0
403,0
400,0
409,0
395,0
300,0
298,0
226,0
25,0
23,0
1,11
1,10
3,9
2,9
1,9
3,8
2,8
1,8
3,7
2,7
1,7
0,6
0,0
0,47
0,46
0,49
0,48
0,45
0,12
0,10
0,8
0,11
504,59
504,58
504,57
504,56
504,55
504,54
504,53
504,51
504,48
504,43
504,40
504,38
504,24
504,19
504,6
504,3
504,2
504,0
503,4
503,3
417,7
417,6
417,5
417,4
417,3
416,4
416,3
343,4
343,3
342,6
342,5
342,4
342,3
340,4
340,3
129,3
62,6
62,5
62,4
62,3
50,3
49,5
49,4
49,3
48,11
48,3
47,8
47,7
47,6
47,5
47,4
47,3
24,3
22,9
22,8
22,7
22,6
22,5
22,4
22,3
12,3
3,44
3,43
3,42
3,41
3,37
3,36
3,32
3,31
3,29
3,28
3,27
3,26
3,24
3,23
3,22
3,21
3,20
3,19
3,18
3,17
3,16
3,13
3,12
3,11
3,10
3,6
3,5
3,4
3,3
3,2
3,0
2,44
2,43
2,42
2,41
2,37
2,36
2,33
2,32
2,31
2,29
2,28
2,26
2,25
2,24
2,22
2,21
2,20
2,19
2,18
2,17
2,16
2,12
2,11
2,10
2,6
2,5
2,4
2,3
2,2
2,0
1,45
1,44
1,43
1,42
1,37
1,36
1,34
1,33
1,32
1,29
1,24
1,23
1,22
1,21
1,20
1,19
1,18
1,17
1,15
1,14
1,13
1,12
1,6
1,5
1,4
1,3
1,2
1,0
0,5
0,7
0,4
0,3
